LAMMPS Description Bonding_Atoms  12 10
34 atoms
35 bonds
53 angles
76 dihedrals
11 impropers

Types

1 4
2 4
3 4
4 4
5 4
6 4
7 5
8 5
9 5
10 1
11 11
12 8
13 4
14 4
15 4
16 4
17 4
18 4
19 5
20 5
21 5
22 5
23 6
24 1
25 1
26 11
27 12
28 11
29 12
30 10
31 6
32 6
33 7
34 7

Charges

1 -0.1581
2 0.008
3 -0.006
4 -0.1766
5 -0.006
6 -0.1581
7 0.184
8 0.178
9 0.178
10 0.6807
11 -0.5761
12 -0.4651
13 -0.223
14 0.0996
15 -0.067
16 -0.215
17 0.1686
18 -0.216
19 0.13
20 0.131
21 0.134
22 0.17
23 0.3215
24 0.6517
25 0.6517
26 -0.5425
27 -0.6036
28 -0.5425
29 -0.6036
30 -0.8232
31 0.3948
32 0.3948
33 0.453
34 0.453

Coords

1 -1.3199999928474426 1.809999942779541 -0.48000000417232513
2 -2.3000000417232513 0.8600000292062759 -0.17000000923871994
3 0.020000000949949026 1.4800000190734863 -0.28999999165534973
4 0.3999999910593033 0.2199999988079071 0.1899999938905239
5 -0.5900000035762787 -0.7100000232458115 0.4899999871850014
6 -1.9499999284744263 -0.4100000113248825 0.3099999949336052
7 -3.3500000834465027 1.1100000143051147 -0.3099999949336052
8 0.7800000160932541 2.2200000286102295 -0.5400000140070915
9 -0.3099999949336052 -1.6899999976158142 0.8600000292062759
10 1.850000023841858 -0.14999999664723873 0.39000000804662704
11 2.1699999272823334 -1.25 0.820000022649765
12 2.7700001001358032 0.7900000363588333 0.09999999776482582
13 4.900000095367432 1.770000010728836 0.7599999755620956
14 4.189999997615814 0.689999982714653 0.23000000044703484
15 6.290000081062317 1.7100000381469727 0.8799999952316284
16 6.980000138282776 0.5700000002980232 0.46000000089406967
17 6.28000020980835 -0.5099999904632568 -0.08999999612569809
18 4.8899999260902405 -0.4399999976158142 -0.19999999552965164
19 4.370000064373016 2.6600000262260437 1.0899999737739563
20 6.840000152587891 2.549999952316284 1.2999999523162842
21 8.059999942779541 0.5299999937415123 0.5499999970197678
22 4.350000023841858 -1.2800000607967377 -0.6400000303983688
23 2.4400000274181366 1.7000000178813934 -0.17000000923871994
24 -1.6599999368190765 3.190000057220459 -1.0000000149011612
25 -2.9600000381469727 -1.469999998807907 0.6599999964237213
26 -2.669999897480011 -2.5699999928474426 1.080000028014183
27 -4.21999990940094 -1.1500000208616257 0.48000000417232513
28 -0.820000022649765 4.020000100135803 -1.2700000405311584
29 -2.9199999570846558 3.4599998593330383 -1.1500000208616257
30 6.949999928474426 -1.6200000047683716 -0.5099999904632568
31 7.919999957084656 -1.7200000584125519 -0.24000000208616257
32 6.420000195503235 -2.450000047683716 -0.7199999690055847
33 -2.9600000381469727 4.379999935626984 -1.4900000393390656
34 -4.729999899864197 -1.940000057220459 0.7500000298023224

Bonds

1 6 1 2
2 6 1 3
3 11 1 24
4 6 2 6
5 6 3 4
6 6 4 5
7 11 4 10
8 6 5 6
9 11 6 25
10 13 10 11
11 12 10 12
12 9 12 14
13 6 13 14
14 6 13 15
15 6 14 18
16 6 15 16
17 6 16 17
18 6 17 18
19 10 17 30
20 13 24 28
21 14 24 29
22 13 25 26
23 14 25 27
24 7 2 7
25 7 3 8
26 7 5 9
27 16 12 23
28 7 13 19
29 7 15 20
30 7 16 21
31 7 18 22
32 18 27 34
33 18 29 33
34 17 30 31
35 17 30 32

Angles

1 4 1 2 6
2 4 1 3 4
3 4 2 1 3
4 4 2 6 5
5 4 3 4 5
6 4 4 5 6
7 4 13 14 18
8 4 13 15 16
9 4 14 13 15
10 4 14 18 17
11 4 15 16 17
12 4 16 17 18
13 5 1 2 7
14 5 1 3 8
15 5 4 3 8
16 5 4 5 9
17 5 6 2 7
18 5 6 5 9
19 5 13 15 20
20 5 14 13 19
21 5 14 18 22
22 5 15 13 19
23 5 15 16 21
24 5 16 15 20
25 5 17 16 21
26 5 17 18 22
27 7 12 14 13
28 7 12 14 18
29 8 16 17 30
30 8 18 17 30
31 9 3 4 10
32 9 5 4 10
33 9 2 1 24
34 9 3 1 24
35 9 2 6 25
36 9 5 6 25
37 10 4 10 12
38 11 1 24 28
39 11 4 10 11
40 11 6 25 26
41 12 1 24 29
42 12 6 25 27
43 13 11 10 12
44 14 26 25 27
45 14 28 24 29
46 16 14 12 23
47 17 10 12 14
48 18 10 12 23
49 19 17 30 31
50 19 17 30 32
51 20 31 30 32
52 22 24 29 33
53 22 25 27 34

Dihedrals

1 1 3 4 10 11
2 1 5 4 10 11
3 1 2 6 25 26
4 1 5 6 25 26
5 1 2 1 24 28
6 1 3 1 24 28
7 1 3 4 10 12
8 1 5 4 10 12
9 1 2 6 25 27
10 1 5 6 25 27
11 1 2 1 24 29
12 1 3 1 24 29
13 2 4 10 12 14
14 2 4 10 12 23
15 2 11 10 12 14
16 3 1 24 29 33
17 3 6 25 27 34
18 7 1 2 6 5
19 7 1 3 4 5
20 7 2 1 3 4
21 7 2 6 5 4
22 7 3 1 2 6
23 7 3 4 5 6
24 7 13 14 18 17
25 7 13 15 16 17
26 7 14 13 15 16
27 7 14 18 17 16
28 7 15 13 14 18
29 7 15 16 17 18
30 7 1 2 6 25
31 7 1 3 4 10
32 7 4 3 1 24
33 7 4 5 6 25
34 7 6 2 1 24
35 7 6 5 4 10
36 7 2 1 3 8
37 7 2 6 5 9
38 7 3 1 2 7
39 7 3 4 5 9
40 7 5 4 3 8
41 7 5 6 2 7
42 7 13 14 18 22
43 7 13 15 16 21
44 7 14 13 15 20
45 7 16 15 13 19
46 7 16 17 18 22
47 7 17 16 15 20
48 7 18 14 13 19
49 7 18 17 16 21
50 7 7 2 1 24
51 7 7 2 6 25
52 7 8 3 1 24
53 7 8 3 4 10
54 7 9 5 4 10
55 7 9 5 6 25
56 7 12 14 13 15
57 7 12 14 18 17
58 7 12 14 13 19
59 7 12 14 18 22
60 7 14 18 17 30
61 7 15 16 17 30
62 7 19 13 15 20
63 7 20 15 16 21
64 7 21 16 17 30
65 7 22 18 17 30
66 8 10 12 14 13
67 8 10 12 14 18
68 8 13 14 12 23
69 8 18 14 12 23
70 10 16 17 30 31
71 10 16 17 30 32
72 10 18 17 30 31
73 10 18 17 30 32
74 11 11 10 12 23
75 12 28 24 29 33
76 12 26 25 27 34

Impropers

1 1 1 28 24 29
2 1 6 26 25 27
3 1 4 11 10 12
4 2 1 6 2 7
5 2 1 4 3 8
6 2 4 6 5 9
7 2 13 16 15 20
8 2 14 15 13 19
9 2 14 17 18 22
10 2 15 17 16 21
11 3 10 14 12 23
