LAMMPS Description Bonding_Atoms  1 17
18 atoms
17 bonds
21 angles
28 dihedrals
6 impropers

Types

1 7
2 3
3 3
4 3
5 3
6 3
7 4
8 4
9 5
10 3
11 3
12 3
13 3
14 3
15 4
16 4
17 2
18 9

Charges

1 -0.317
2 -0.193
3 0.065
4 -0.09
5 0.041
6 -0.14
7 0.129
8 0.179
9 0.234
10 -0.089
11 -0.09
12 -0.101
13 -0.047
14 -0.149
15 0.17
16 0.169
17 0.346
18 -0.336

Coords

1 2.7700001001358032 0.7900000363588333 0.09999999776482582
2 4.900000095367432 1.770000010728836 0.7599999755620956
3 4.189999997615814 0.689999982714653 0.23000000044703484
4 6.290000081062317 1.7100000381469727 0.8799999952316284
5 6.28000020980835 -0.5099999904632568 -0.08999999612569809
6 4.8899999260902405 -0.4399999976158142 -0.19999999552965164
7 4.370000064373016 2.6600000262260437 1.0899999737739563
8 4.350000023841858 -1.2800000607967377 -0.6400000303983688
9 2.4400000274181366 1.7000000178813934 -0.17000000923871994
10 0.020000000949949026 1.4800000190734863 -0.28999999165534973
11 -1.3199999928474426 1.809999942779541 -0.48000000417232513
12 0.3999999910593033 0.2199999988079071 0.1899999938905239
13 -0.5900000035762787 -0.7100000232458115 0.4899999871850014
14 -1.9499999284744263 -0.4100000113248825 0.3099999949336052
15 0.7800000160932541 2.2200000286102295 -0.5400000140070915
16 -0.3099999949336052 -1.6899999976158142 0.8600000292062759
17 1.850000023841858 -0.14999999664723873 0.39000000804662704
18 2.1699999272823334 -1.25 0.820000022649765

Bonds

1 12 1 9
2 7 2 4
3 4 17 1
4 10 1 3
5 8 2 7
6 3 12 17
7 5 17 18
8 8 10 15
9 7 2 3
10 7 5 6
11 7 10 12
12 7 12 13
13 8 13 16
14 7 3 6
15 8 6 8
16 7 13 14
17 7 11 10

Angles

1 10 17 1 9
2 11 3 1 9
3 4 3 2 4
4 5 4 2 7
5 7 1 3 2
6 7 1 3 6
7 9 17 1 3
8 5 3 2 7
9 3 10 12 17
10 3 13 12 17
11 5 11 10 15
12 5 12 10 15
13 4 2 3 6
14 4 3 6 5
15 5 5 6 8
16 4 11 10 12
17 4 10 12 13
18 4 12 13 14
19 5 12 13 16
20 5 14 13 16
21 5 3 6 8

Dihedrals

1 3 12 17 1 9
2 3 18 17 1 9
3 6 2 3 1 9
4 6 6 3 1 9
5 5 4 2 3 6
6 5 1 3 2 4
7 2 10 12 17 1
8 2 13 12 17 1
9 3 12 17 1 3
10 3 18 17 1 3
11 5 1 3 6 5
12 5 1 3 2 7
13 5 1 3 6 8
14 6 17 1 3 2
15 6 17 1 3 6
16 5 6 3 2 7
17 2 10 12 17 18
18 2 13 12 17 18
19 5 11 10 12 17
20 5 14 13 12 17
21 5 15 10 12 17
22 5 16 13 12 17
23 5 13 12 10 15
24 5 2 3 6 5
25 5 2 3 6 8
26 5 11 10 12 13
27 5 10 12 13 14
28 5 10 12 13 16

Impropers

1 2 17 3 1 9
2 1 3 4 2 7
3 3 10 13 12 17
4 1 11 12 10 15
5 1 3 5 6 8
6 1 12 14 13 16
