LAMMPS Description Bonding_Atoms  1 17
18 atoms
17 bonds
24 angles
28 dihedrals
6 impropers

Types

1 5
2 2
3 2
4 2
5 2
6 2
7 3
8 3
9 4
10 2
11 2
12 2
13 2
14 2
15 3
16 3
17 1
18 7

Charges

1 -0.4651
2 -0.223
3 0.0996
4 -0.067
5 0.1686
6 -0.216
7 0.13
8 0.17
9 0.3215
10 -0.006
11 -0.1581
12 -0.1766
13 -0.006
14 -0.1581
15 0.178
16 0.178
17 0.6807
18 -0.5761

Coords

1 2.7700001001358032 0.7900000363588333 0.09999999776482582
2 4.900000095367432 1.770000010728836 0.7599999755620956
3 4.189999997615814 0.689999982714653 0.23000000044703484
4 6.290000081062317 1.7100000381469727 0.8799999952316284
5 6.28000020980835 -0.5099999904632568 -0.08999999612569809
6 4.8899999260902405 -0.4399999976158142 -0.19999999552965164
7 4.370000064373016 2.6600000262260437 1.0899999737739563
8 4.350000023841858 -1.2800000607967377 -0.6400000303983688
9 2.4400000274181366 1.7000000178813934 -0.17000000923871994
10 0.020000000949949026 1.4800000190734863 -0.28999999165534973
11 -1.3199999928474426 1.809999942779541 -0.48000000417232513
12 0.3999999910593033 0.2199999988079071 0.1899999938905239
13 -0.5900000035762787 -0.7100000232458115 0.4899999871850014
14 -1.9499999284744263 -0.4100000113248825 0.3099999949336052
15 0.7800000160932541 2.2200000286102295 -0.5400000140070915
16 -0.3099999949336052 -1.6899999976158142 0.8600000292062759
17 1.850000023841858 -0.14999999664723873 0.39000000804662704
18 2.1699999272823334 -1.25 0.820000022649765

Bonds

1 3 1 3
2 1 2 3
3 1 3 6
4 7 17 18
5 1 5 6
6 2 6 8
7 1 2 4
8 5 12 17
9 6 17 1
10 2 13 16
11 1 13 14
12 8 1 9
13 1 11 10
14 1 10 12
15 2 10 15
16 2 2 7
17 1 12 13

Angles

1 1 2 3 6
2 1 3 2 4
3 1 3 6 5
4 2 3 2 7
5 2 3 6 8
6 3 1 3 2
7 3 1 3 6
8 9 3 1 9
9 10 17 1 3
10 7 12 17 18
11 8 18 17 1
12 2 5 6 8
13 2 4 2 7
14 5 10 12 17
15 5 13 12 17
16 6 12 17 1
17 11 17 1 9
18 2 12 13 16
19 2 14 13 16
20 1 12 13 14
21 1 11 10 12
22 2 11 10 15
23 1 10 12 13
24 2 12 10 15

Dihedrals

1 2 12 17 1 3
2 2 18 17 1 3
3 3 2 3 6 5
4 3 4 2 3 6
5 3 2 3 6 8
6 3 6 3 2 7
7 3 1 3 2 4
8 3 1 3 6 5
9 3 1 3 2 7
10 3 1 3 6 8
11 4 17 1 3 2
12 4 17 1 3 6
13 4 2 3 1 9
14 4 6 3 1 9
15 1 10 12 17 18
16 1 13 12 17 18
17 6 18 17 1 9
18 1 10 12 17 1
19 1 13 12 17 1
20 2 12 17 1 9
21 3 11 10 12 17
22 3 14 13 12 17
23 3 15 10 12 17
24 3 16 13 12 17
25 3 10 12 13 16
26 3 10 12 13 14
27 3 11 10 12 13
28 3 13 12 10 15

Impropers

1 2 3 4 2 7
2 2 3 5 6 8
3 3 17 3 1 9
4 1 12 18 17 1
5 2 12 14 13 16
6 2 11 12 10 15
