LAMMPS Description Bonding_Atoms  1 17
18 atoms
16 bonds
20 angles
20 dihedrals
4 impropers

Types

1 6
2 2
3 2
4 2
5 2
6 2
7 3
8 3
9 4
10 2
11 2
12 2
13 2
14 2
15 3
16 3
17 1
18 7

Charges

1 -0.8202
2 -0.23
3 0.1716
4 -0.06
5 0.1716
6 -0.253
7 0.13
8 0.13
9 0.3883
10 0.01
11 -0.190267
12 -0.190267
13 0.01
14 -0.190267
15 0.181
16 0.181
17 0.587967
18 -0.471767

Coords

1 2.849999964237213 0.7999999821186066 -0.07000000216066837
2 4.900000095367432 1.7900000512599945 0.6700000166893005
3 4.1999998688697815 0.7199999690055847 0.12000000104308128
4 6.28000020980835 1.7100000381469727 0.8600000292062759
5 6.269999742507935 -0.5299999937415123 -0.07000000216066837
6 4.8899999260902405 -0.4399999976158142 -0.2500000037252903
7 4.370000064373016 2.7000001072883606 0.9700000286102295
8 4.350000023841858 -1.2800000607967377 -0.689999982714653
9 2.409999966621399 1.6599999368190765 0.2199999988079071
10 -8.669999837875366 2.5600001215934753 -0.04999999888241291
11 -7.409999966621399 3.1600001454353333 -0.010000000474974513
12 -8.799999952316284 1.1699999868869781 -0.06000000052154064
13 -7.6499998569488525 0.3700000047683716 -0.04000000189989805
14 -6.380000114440918 0.9600000083446503 0.010000000474974513
15 -9.559999704360962 3.190000057220459 -0.07000000216066837
16 -7.739999890327454 -0.7100000232458115 -0.04999999888241291
17 -10.160000324249268 0.560000017285347 -0.10999999940395355
18 -10.379999876022339 -0.6300000101327896 -0.13000000268220901

Bonds

1 7 17 18
2 5 12 17
3 2 6 8
4 1 10 12
5 1 12 13
6 1 10 11
7 2 10 15
8 1 13 14
9 1 3 6
10 1 5 6
11 1 2 3
12 1 2 4
13 2 2 7
14 4 1 3
15 9 1 9
16 2 13 16

Angles

1 7 12 17 18
2 5 10 12 17
3 5 13 12 17
4 2 3 6 8
5 2 5 6 8
6 1 10 12 13
7 1 11 10 12
8 1 12 13 14
9 2 12 10 15
10 2 12 13 16
11 2 11 10 15
12 2 14 13 16
13 1 2 3 6
14 1 3 6 5
15 4 1 3 6
16 1 3 2 4
17 2 3 2 7
18 2 4 2 7
19 4 1 3 2
20 12 3 1 9

Dihedrals

1 1 10 12 17 18
2 1 13 12 17 18
3 3 11 10 12 17
4 3 14 13 12 17
5 3 15 10 12 17
6 3 16 13 12 17
7 3 1 3 6 8
8 3 2 3 6 8
9 3 10 12 13 14
10 3 11 10 12 13
11 3 10 12 13 16
12 3 13 12 10 15
13 3 1 3 6 5
14 3 2 3 6 5
15 3 4 2 3 6
16 3 6 3 2 7
17 5 6 3 1 9
18 3 1 3 2 4
19 3 1 3 2 7
20 5 2 3 1 9

Impropers

1 2 3 5 6 8
2 2 11 12 10 15
3 2 12 14 13 16
4 2 3 4 2 7
