1 1 5 -0.1581 -1.3199999928474426 1.809999942779541 -0.48000000417232513
2 1 5 -0.006 0.020000000949949026 1.4800000190734863 -0.28999999165534973
3 1 5 -0.1766 0.3999999910593033 0.2199999988079071 0.1899999938905239
4 1 5 -0.006 -0.5900000035762787 -0.7100000232458115 0.4899999871850014
5 1 5 -0.1581 -1.9499999284744263 -0.4100000113248825 0.3099999949336052
6 1 24 0.178 0.7800000160932541 2.2200000286102295 -0.5400000140070915
7 1 24 0.178 -0.3099999949336052 -1.6899999976158142 0.8600000292062759
8 1 1 0.6807 1.850000023841858 -0.14999999664723873 0.39000000804662704
9 1 49 -0.5761 2.1699999272823334 -1.25 0.820000022649765
10 1 36 -0.4651 2.7700001001358032 0.7900000363588333 0.09999999776482582
11 1 5 -0.223 4.900000095367432 1.770000010728836 0.7599999755620956
12 1 5 0.0996 4.189999997615814 0.689999982714653 0.23000000044703484
13 1 5 -0.067 6.290000081062317 1.7100000381469727 0.8799999952316284
14 1 5 0.1686 6.28000020980835 -0.5099999904632568 -0.08999999612569809
15 1 5 -0.216 4.8899999260902405 -0.4399999976158142 -0.19999999552965164
16 1 24 0.13 4.370000064373016 2.6600000262260437 1.0899999737739563
17 1 24 0.17 4.350000023841858 -1.2800000607967377 -0.6400000303983688
18 1 26 0.3215 2.4400000274181366 1.7000000178813934 -0.17000000923871994
