		# bondID	bondType	atomID1	atomID2
		1 	1 	3
		2 	2 	3
		3 	2 	4
		4	3	7
		5	4	5
		6	5	6
		7	6	7
		8	6	13
		9 	1 	12
		10  	2 	8 
		11	4	9
		12	5	10
		13	7	11
		14	13	14
		# bondID	bondType	atomID1	atomID2
		15 	15 	16
		16 	15 	18
		17	16	17
		18	16	26
		19	17	20
		20	18	19
		21	18	24
		22	19	20
		23	20	25
		24	24	28
		25	25	29
		26 	26	27 
		27	26	30
		28  	15 	21 
		29	17	22
		30	19	23
		31	30	31
		# bondID	bondType	atomID1	atomID2
		32 	32 	33
		33 	32 	35
		34	33	34
		35	33	43
		36	34	37
		37	35	36
		38	35	41
		39	36	37
		40	37	42
		41	41	45
		42	42	46
		43 	43	44 
		44  	32 	38 
		45	34	39
		46	36	40
