1 1 47 -0.8202 2.849999964237213 0.7999999821186066 -0.07000000216066837
2 1 5 -0.23 4.900000095367432 1.7900000512599945 0.6700000166893005
3 1 5 0.1716 4.1999998688697815 0.7199999690055847 0.12000000104308128
4 1 5 -0.06 6.28000020980835 1.7100000381469727 0.8600000292062759
5 1 5 -0.23 6.9599997997283936 0.5499999970197678 0.4899999871850014
6 1 5 0.1716 6.269999742507935 -0.5299999937415123 -0.07000000216066837
7 1 5 -0.253 4.8899999260902405 -0.4399999976158142 -0.2500000037252903
8 1 24 0.13 4.370000064373016 2.7000001072883606 0.9700000286102295
9 1 24 0.127 6.819999814033508 2.540000081062317 1.289999932050705
10 1 24 0.13 8.040000200271606 0.4899999871850014 0.6400000303983688
11 1 24 0.13 4.350000023841858 -1.2800000607967377 -0.689999982714653
12 1 26 0.3883 2.409999966621399 1.6599999368190765 0.2199999988079071
13 1 47 -0.8202 6.940000057220459 -1.6599999368190765 -0.43000001460313797
14 1 26 0.3883 7.940000295639038 -1.6599999368190765 -0.27000000700354576
15 2 5 0.0115 -8.700000047683716 2.5299999117851257 -0.04999999888241291
16 2 5 -0.1576 -7.4400001764297485 3.149999976158142 -0.010000000474974513
17 2 5 0.0115 -6.290000081062317 2.3600000143051147 0.020000000949949026
18 2 5 -0.1936 -8.790000081062317 1.1400000005960464 -0.07000000216066837
19 2 5 0.012 -7.630000114440918 0.35999998450279236 -0.04000000189989805
20 2 5 -0.1936 -6.380000114440918 0.9700000286102295 0.010000000474974513
21 2 24 0.183 -9.610000252723694 3.1200000643730164 -0.07000000216066837
22 2 24 0.183 -5.31000018119812 2.8299999237060547 0.04999999888241291
23 2 24 0.183 -7.710000276565552 -0.7299999892711639 -0.04999999888241291
24 2 1 0.5898 -10.140000581741333 0.5000000074505806 -0.10999999940395355
25 2 1 0.5898 -5.130000114440918 0.1600000075995922 0.04000000189989805
26 2 1 0.6507 -7.310000061988831 4.650000035762787 0.010000000474974513
27 2 49 -0.537 -6.240000128746033 5.230000019073486 0.04999999888241291
28 2 49 -0.4731 -10.34000039100647 -0.7000000029802322 -0.13000000268220901
29 2 49 -0.4731 -5.099999904632568 -1.0599999874830246 0.03000000026077032
30 2 50 -0.6031 -8.429999947547913 5.320000052452087 -0.020000000949949026
31 2 27 0.456 -8.180000185966492 6.259999871253967 0.0
32 3 5 0.01 -8.669999837875366 2.5600001215934753 -0.04999999888241291
33 3 5 -0.190267 -7.409999966621399 3.1600001454353333 -0.010000000474974513
34 3 5 0.01 -6.269999742507935 2.3499999940395355 0.020000000949949026
35 3 5 -0.190267 -8.799999952316284 1.1699999868869781 -0.06000000052154064
36 3 5 0.01 -7.6499998569488525 0.3700000047683716 -0.04000000189989805
37 3 5 -0.190267 -6.380000114440918 0.9600000083446503 0.010000000474974513
38 3 24 0.181 -9.559999704360962 3.190000057220459 -0.07000000216066837
39 3 24 0.181 -5.2799999713897705 2.8099998831748962 0.04999999888241291
40 3 24 0.181 -7.739999890327454 -0.7100000232458115 -0.04999999888241291
41 3 1 0.587967 -10.160000324249268 0.560000017285347 -0.10999999940395355
42 3 1 0.587967 -5.1499998569488525 0.13000000268220901 0.04000000189989805
43 3 1 0.587967 -7.300000190734863 4.639999866485596 0.010000000474974513
44 3 49 -0.471767 -6.25 5.260000228881836 0.04999999888241291
45 3 49 -0.471767 -10.379999876022339 -0.6300000101327896 -0.13000000268220901
46 3 49 -0.471767 -5.139999985694885 -1.0899999737739563 0.03000000026077032
