1 611 2 3 7
2 611 2 4 5
3 611 3 2 4
4 611 3 7 6
5 611 4 5 6
6 611 5 6 7
7 611 15 16 17
8 611 15 18 19
9 611 16 15 18
10 611 16 17 20
11 611 17 20 19
12 611 18 19 20
13 611 32 33 34
14 611 32 35 36
15 611 33 32 35
16 611 33 34 37
17 611 34 37 36
18 611 35 36 37
19 625 2 4 9
20 625 3 2 8
21 625 3 7 11
22 625 4 2 8
23 625 4 5 10
24 625 5 4 9
25 625 6 5 10
26 625 6 7 11
27 625 16 15 21
28 625 16 17 22
29 625 18 15 21
30 625 18 19 23
31 625 20 17 22
32 625 20 19 23
33 625 33 32 38
34 625 33 34 39
35 625 35 32 38
36 625 35 36 40
37 625 37 34 39
38 625 37 36 40
39 637 1 3 2
40 637 5 6 13
41 637 1 3 7
42 637 7 6 13
43 659 15 18 24
44 659 19 18 24
45 659 17 20 25
46 659 19 20 25
47 659 15 16 26
48 659 17 16 26
49 659 32 35 41
50 659 36 35 41
51 659 34 37 42
52 659 36 37 42
53 659 32 33 43
54 659 34 33 43
55 787 16 26 27
56 787 18 24 28
57 787 20 25 29
58 787 33 43 44
59 787 35 41 45
60 787 37 42 46
61 788 16 26 30
62 1390 27 26 30
63 2670 3 1 12
64 2670 6 13 14
65 2846 26 30 31
