1 50 1 4 10 14
2 50 5 4 10 14
3 50 3 6 11 15
4 50 5 6 11 15
5 101 1 2 12 13
6 101 3 2 12 13
7 101 1 2 12 16
8 101 3 2 12 16
9 121 2 12 16 17
10 121 13 12 16 17
11 195 1 2 3 6
12 195 1 4 5 6
13 195 2 1 4 5
14 195 2 3 6 5
15 195 3 2 1 4
16 195 3 6 5 4
17 195 1 2 3 8
18 195 1 4 5 9
19 195 3 2 1 7
20 195 3 6 5 9
21 195 5 4 1 7
22 195 5 6 3 8
23 195 2 1 4 10
24 195 2 3 6 11
25 195 4 5 6 11
26 195 6 5 4 10
27 195 4 1 2 12
28 195 6 3 2 12
29 195 7 1 2 12
30 195 8 3 2 12
31 195 7 1 4 10
32 195 8 3 6 11
33 195 9 5 4 10
34 195 9 5 6 11
