1 1 5 0.151 -8.669999837875366 2.5600001215934753 -0.04999999888241291
2 1 5 -0.139 -7.409999966621399 3.1600001454353333 -0.010000000474974513
3 1 5 0.151 -6.269999742507935 2.3499999940395355 0.020000000949949026
4 1 5 -0.139 -8.799999952316284 1.1699999868869781 -0.06000000052154064
5 1 5 0.151 -7.6499998569488525 0.3700000047683716 -0.04000000189989805
6 1 5 -0.139 -6.380000114440918 0.9600000083446503 0.010000000474974513
7 1 24 0.247 -9.559999704360962 3.190000057220459 -0.07000000216066837
8 1 24 0.247 -5.2799999713897705 2.8099998831748962 0.04999999888241291
9 1 24 0.247 -7.739999890327454 -0.7100000232458115 -0.04999999888241291
10 1 2 0.456 -10.160000324249268 0.560000017285347 -0.10999999940395355
11 1 2 0.456 -5.1499998569488525 0.13000000268220901 0.04000000189989805
12 1 2 0.456 -7.300000190734863 4.639999866485596 0.010000000474974513
13 1 49 0.285 -6.25 5.260000228881836 0.04999999888241291
14 1 49 0.285 -10.379999876022339 -0.6300000101327896 -0.13000000268220901
15 1 49 0.285 -5.139999985694885 -1.0899999737739563 0.03000000026077032
