1 1 38 -0.575 2.849999964237213 0.7999999821186066 -0.07000000216066837
2 1 5 -0.456 4.900000095367432 1.7900000512599945 0.6700000166893005
3 1 5 0.16 4.1999998688697815 0.7199999690055847 0.12000000104308128
4 1 5 -0.031 6.28000020980835 1.7100000381469727 0.8600000292062759
5 1 5 0.16 6.269999742507935 -0.5299999937415123 -0.07000000216066837
6 1 5 -0.425 4.8899999260902405 -0.4399999976158142 -0.2500000037252903
7 1 24 0.04 4.370000064373016 2.7000001072883606 0.9700000286102295
8 1 24 0.075 4.350000023841858 -1.2800000607967377 -0.689999982714653
9 1 26 0.017 2.409999966621399 1.6599999368190765 0.2199999988079071
10 2 5 0.1115 -8.700000047683716 2.5299999117851257 -0.04999999888241291
11 2 5 -0.099 -7.4400001764297485 3.149999976158142 -0.010000000474974513
12 2 5 -0.1765 -8.790000081062317 1.1400000005960464 -0.07000000216066837
13 2 5 0.101 -7.630000114440918 0.35999998450279236 -0.04000000189989805
14 2 5 -0.1765 -6.380000114440918 0.9700000286102295 0.010000000474974513
15 2 24 0.24 -9.610000252723694 3.1200000643730164 -0.07000000216066837
16 2 24 0.209 -7.710000276565552 -0.7299999892711639 -0.04999999888241291
17 2 2 0.473 -10.140000581741333 0.5000000074505806 -0.10999999940395355
18 2 49 0.1975 -10.34000039100647 -0.7000000029802322 -0.13000000268220901
