1 184 1 3
2 157 2 3
3 157 2 4
4 157 3 7
5 157 4 5
6 157 5 6
7 157 6 7
8 184 6 13
9 455 1 12
10 172 2 8
11 172 4 9
12 172 5 10
13 172 7 11
14 455 13 14
15 184 15 17
16 157 16 17
17 157 16 18
18 157 17 21
19 157 18 19
20 157 19 20
21 157 20 21
22 184 20 27
23 455 15 26
24 172 16 22
25 172 18 23
26 172 19 24
27 172 21 25
28 455 27 28
29 157 29 30
30 157 29 32
31 157 30 31
32 208 30 40
33 157 31 34
34 157 32 33
35 208 32 38
36 157 33 34
37 208 34 39
38 368 38 42
39 368 39 43
40 368 40 41
41 369 40 44
42 172 29 35
43 172 31 36
44 172 33 37
45 458 44 45
46 157 46 47
47 157 46 49
48 157 47 48
49 208 47 57
50 157 48 51
51 157 49 50
52 208 49 55
53 157 50 51
54 208 51 56
55 368 55 59
56 368 56 60
57 368 57 58
58 369 57 61
59 172 46 52
60 172 48 53
61 172 50 54
62 458 61 62
63 157 63 64
64 157 63 66
65 157 64 65
66 208 64 74
67 157 65 68
68 157 66 67
69 208 66 72
70 157 67 68
71 208 68 73
72 368 72 76
73 368 73 77
74 368 74 75
75 172 63 69
76 172 65 70
77 172 67 71
78 157 78 79
79 157 78 81
80 157 79 80
81 208 79 89
82 157 80 83
83 157 81 82
84 208 81 87
85 157 82 83
86 208 83 88
87 368 87 91
88 368 88 92
89 368 89 90
90 172 78 84
91 172 80 85
92 172 82 86
