1 13 29 30 40 41
2 13 31 30 40 41
3 13 29 32 38 42
4 13 33 32 38 42
5 13 31 34 39 43
6 13 33 34 39 43
7 13 46 47 57 58
8 13 48 47 57 58
9 13 46 49 55 59
10 13 50 49 55 59
11 13 48 51 56 60
12 13 50 51 56 60
13 13 63 64 74 75
14 13 65 64 74 75
15 13 63 66 72 76
16 13 67 66 72 76
17 13 65 68 73 77
18 13 67 68 73 77
19 13 78 79 89 90
20 13 80 79 89 90
21 13 78 81 87 91
22 13 82 81 87 91
23 13 80 83 88 92
24 13 82 83 88 92
25 13 29 30 40 44
26 13 31 30 40 44
27 13 46 47 57 61
28 13 48 47 57 61
29 24 30 40 44 45
30 24 47 57 61 62
31 195 1 3 2 4
32 195 1 3 7 6
33 195 4 5 6 13
34 195 3 7 6 13
35 195 15 17 16 18
36 195 15 17 21 20
37 195 18 19 20 27
38 195 17 21 20 27
39 195 1 3 2 8
40 195 1 3 7 11
41 195 10 5 6 13
42 195 11 7 6 13
43 195 15 17 16 22
44 195 15 17 21 25
45 195 24 19 20 27
46 195 25 21 20 27
47 195 2 3 7 6
48 195 2 4 5 6
49 195 3 2 4 5
50 195 3 7 6 5
51 195 4 2 3 7
52 195 4 5 6 7
53 195 16 17 21 20
54 195 16 18 19 20
55 195 17 16 18 19
56 195 17 21 20 19
57 195 18 16 17 21
58 195 18 19 20 21
59 195 29 30 31 34
60 195 29 32 33 34
61 195 30 29 32 33
62 195 30 31 34 33
63 195 31 30 29 32
64 195 31 34 33 32
65 195 46 47 48 51
66 195 46 49 50 51
67 195 47 46 49 50
68 195 47 48 51 50
69 195 48 47 46 49
70 195 48 51 50 49
71 195 63 64 65 68
72 195 63 66 67 68
73 195 64 63 66 67
74 195 64 65 68 67
75 195 65 64 63 66
76 195 65 68 67 66
77 195 78 79 80 83
78 195 78 81 82 83
79 195 79 78 81 82
80 195 79 80 83 82
81 195 80 79 78 81
82 195 80 83 82 81
83 195 2 3 7 11
84 195 2 4 5 10
85 195 3 2 4 9
86 195 5 4 2 8
87 195 5 6 7 11
88 195 6 5 4 9
89 195 7 3 2 8
90 195 7 6 5 10
91 195 16 17 21 25
92 195 16 18 19 24
93 195 17 16 18 23
94 195 19 18 16 22
95 195 19 20 21 25
96 195 20 19 18 23
97 195 21 17 16 22
98 195 21 20 19 24
99 195 29 30 31 36
100 195 29 32 33 37
101 195 31 30 29 35
102 195 31 34 33 37
103 195 33 32 29 35
104 195 33 34 31 36
105 195 46 47 48 53
106 195 46 49 50 54
107 195 48 47 46 52
108 195 48 51 50 54
109 195 50 49 46 52
110 195 50 51 48 53
111 195 63 64 65 70
112 195 63 66 67 71
113 195 65 64 63 69
114 195 65 68 67 71
115 195 67 66 63 69
116 195 67 68 65 70
117 195 78 79 80 85
118 195 78 81 82 86
119 195 80 79 78 84
120 195 80 83 82 86
121 195 82 81 78 84
122 195 82 83 80 85
123 195 8 2 4 9
124 195 9 4 5 10
125 195 22 16 18 23
126 195 23 18 19 24
127 195 30 29 32 38
128 195 30 31 34 39
129 195 32 29 30 40
130 195 32 33 34 39
131 195 34 31 30 40
132 195 34 33 32 38
133 195 47 46 49 55
134 195 47 48 51 56
135 195 49 46 47 57
136 195 49 50 51 56
137 195 51 48 47 57
138 195 51 50 49 55
139 195 64 63 66 72
140 195 64 65 68 73
141 195 66 63 64 74
142 195 66 67 68 73
143 195 68 65 64 74
144 195 68 67 66 72
145 195 79 78 81 87
146 195 79 80 83 88
147 195 81 78 79 89
148 195 81 82 83 88
149 195 83 80 79 89
150 195 83 82 81 87
151 195 35 29 30 40
152 195 35 29 32 38
153 195 36 31 30 40
154 195 36 31 34 39
155 195 37 33 32 38
156 195 37 33 34 39
157 195 52 46 47 57
158 195 52 46 49 55
159 195 53 48 47 57
160 195 53 48 51 56
161 195 54 50 49 55
162 195 54 50 51 56
163 195 69 63 64 74
164 195 69 63 66 72
165 195 70 65 64 74
166 195 70 65 68 73
167 195 71 67 66 72
168 195 71 67 68 73
169 195 84 78 79 89
170 195 84 78 81 87
171 195 85 80 79 89
172 195 85 80 83 88
173 195 86 82 81 87
174 195 86 82 83 88
175 209 2 3 1 12
176 209 5 6 13 14
177 209 7 3 1 12
178 209 7 6 13 14
179 209 16 17 15 26
180 209 19 20 27 28
181 209 21 17 15 26
182 209 21 20 27 28
183 615 41 40 44 45
184 615 58 57 61 62
