1 611 2 3 7
2 611 2 4 5
3 611 3 2 4
4 611 3 7 6
5 611 4 5 6
6 611 5 6 7
7 611 16 17 21
8 611 16 18 19
9 611 17 16 18
10 611 17 21 20
11 611 18 19 20
12 611 19 20 21
13 611 29 30 31
14 611 29 32 33
15 611 30 29 32
16 611 30 31 34
17 611 31 34 33
18 611 32 33 34
19 611 46 47 48
20 611 46 49 50
21 611 47 46 49
22 611 47 48 51
23 611 48 51 50
24 611 49 50 51
25 611 63 64 65
26 611 63 66 67
27 611 64 63 66
28 611 64 65 68
29 611 65 68 67
30 611 66 67 68
31 611 78 79 80
32 611 78 81 82
33 611 79 78 81
34 611 79 80 83
35 611 80 83 82
36 611 81 82 83
37 625 2 4 9
38 625 3 2 8
39 625 3 7 11
40 625 4 2 8
41 625 4 5 10
42 625 5 4 9
43 625 6 5 10
44 625 6 7 11
45 625 16 18 23
46 625 17 16 22
47 625 17 21 25
48 625 18 16 22
49 625 18 19 24
50 625 19 18 23
51 625 20 19 24
52 625 20 21 25
53 625 30 29 35
54 625 30 31 36
55 625 32 29 35
56 625 32 33 37
57 625 34 31 36
58 625 34 33 37
59 625 47 46 52
60 625 47 48 53
61 625 49 46 52
62 625 49 50 54
63 625 51 48 53
64 625 51 50 54
65 625 64 63 69
66 625 64 65 70
67 625 66 63 69
68 625 66 67 71
69 625 68 65 70
70 625 68 67 71
71 625 79 78 84
72 625 79 80 85
73 625 81 78 84
74 625 81 82 86
75 625 83 80 85
76 625 83 82 86
77 637 1 3 2
78 637 5 6 13
79 637 1 3 7
80 637 7 6 13
81 637 15 17 16
82 637 19 20 27
83 637 15 17 21
84 637 21 20 27
85 659 29 32 38
86 659 33 32 38
87 659 31 34 39
88 659 33 34 39
89 659 29 30 40
90 659 31 30 40
91 659 46 49 55
92 659 50 49 55
93 659 48 51 56
94 659 50 51 56
95 659 46 47 57
96 659 48 47 57
97 659 63 66 72
98 659 67 66 72
99 659 65 68 73
100 659 67 68 73
101 659 63 64 74
102 659 65 64 74
103 659 78 81 87
104 659 82 81 87
105 659 80 83 88
106 659 82 83 88
107 659 78 79 89
108 659 80 79 89
109 787 30 40 41
110 787 32 38 42
111 787 34 39 43
112 787 47 57 58
113 787 49 55 59
114 787 51 56 60
115 787 64 74 75
116 787 66 72 76
117 787 68 73 77
118 787 79 89 90
119 787 81 87 91
120 787 83 88 92
121 788 30 40 44
122 788 47 57 61
123 1390 41 40 44
124 1390 58 57 61
125 2670 3 1 12
126 2670 6 13 14
127 2670 17 15 26
128 2670 20 27 28
129 2846 40 44 45
130 2846 57 61 62
