LAMMPS Description Bonding_Atoms  1 17
18 atoms
16 bonds
19 angles
20 dihedrals
4 impropers

Types

1 7
2 3
3 3
4 3
5 3
6 3
7 4
8 4
9 5
10 3
11 3
12 3
13 3
14 3
15 4
16 4
17 2
18 8

Charges

1 -0.575
2 -0.456
3 0.16
4 -0.031
5 0.16
6 -0.425
7 0.04
8 0.075
9 0.017
10 0.1115
11 -0.099
12 -0.1765
13 0.101
14 -0.1765
15 0.24
16 0.209
17 0.473
18 0.1975

Coords

1 2.849999964237213 0.7999999821186066 -0.07000000216066837
2 4.900000095367432 1.7900000512599945 0.6700000166893005
3 4.1999998688697815 0.7199999690055847 0.12000000104308128
4 6.28000020980835 1.7100000381469727 0.8600000292062759
5 6.269999742507935 -0.5299999937415123 -0.07000000216066837
6 4.8899999260902405 -0.4399999976158142 -0.2500000037252903
7 4.370000064373016 2.7000001072883606 0.9700000286102295
8 4.350000023841858 -1.2800000607967377 -0.689999982714653
9 2.409999966621399 1.6599999368190765 0.2199999988079071
10 -8.700000047683716 2.5299999117851257 -0.04999999888241291
11 -7.4400001764297485 3.149999976158142 -0.010000000474974513
12 -8.790000081062317 1.1400000005960464 -0.07000000216066837
13 -7.630000114440918 0.35999998450279236 -0.04000000189989805
14 -6.380000114440918 0.9700000286102295 0.010000000474974513
15 -9.610000252723694 3.1200000643730164 -0.07000000216066837
16 -7.710000276565552 -0.7299999892711639 -0.04999999888241291
17 -10.140000581741333 0.5000000074505806 -0.10999999940395355
18 -10.34000039100647 -0.7000000029802322 -0.13000000268220901

Bonds

1 5 1 3
2 3 2 3
3 3 2 4
4 3 3 6
5 3 5 6
6 10 1 9
7 4 2 7
8 4 6 8
9 3 10 11
10 3 10 12
11 3 12 13
12 1 12 17
13 3 13 14
14 2 17 18
15 4 10 15
16 4 13 16

Angles

1 1 10 12 17
2 1 13 12 17
3 2 2 3 6
4 2 3 2 4
5 2 3 6 5
6 2 10 12 13
7 2 11 10 12
8 2 12 13 14
9 3 3 2 7
10 3 3 6 8
11 3 4 2 7
12 3 5 6 8
13 3 11 10 15
14 3 12 10 15
15 3 12 13 16
16 3 14 13 16
17 4 1 3 2
18 4 1 3 6
19 10 3 1 9

Dihedrals

1 3 10 12 17 18
2 3 13 12 17 18
3 4 1 3 2 4
4 4 1 3 6 5
5 4 1 3 2 7
6 4 1 3 6 8
7 4 2 3 6 5
8 4 4 2 3 6
9 4 10 12 13 14
10 4 11 10 12 13
11 4 2 3 6 8
12 4 6 3 2 7
13 4 10 12 13 16
14 4 13 12 10 15
15 4 11 10 12 17
16 4 14 13 12 17
17 4 15 10 12 17
18 4 16 13 12 17
19 6 2 3 1 9
20 6 6 3 1 9

Impropers

1 2 3 4 2 7
2 2 3 5 6 8
3 2 11 12 10 15
4 2 12 14 13 16
