1 1 38 -0.575 2.849999964237213 0.7999999821186066 -0.07000000216066837
2 1 5 -0.456 4.900000095367432 1.7900000512599945 0.6700000166893005
3 1 5 0.16 4.1999998688697815 0.7199999690055847 0.12000000104308128
4 1 5 -0.031 6.28000020980835 1.7100000381469727 0.8600000292062759
5 1 5 -0.456 6.9599997997283936 0.5499999970197678 0.4899999871850014
6 1 5 0.16 6.269999742507935 -0.5299999937415123 -0.07000000216066837
7 1 5 -0.425 4.8899999260902405 -0.4399999976158142 -0.2500000037252903
8 1 24 0.04 4.370000064373016 2.7000001072883606 0.9700000286102295
9 1 24 0.009 6.819999814033508 2.540000081062317 1.289999932050705
10 1 24 0.04 8.040000200271606 0.4899999871850014 0.6400000303983688
11 1 24 0.075 4.350000023841858 -1.2800000607967377 -0.689999982714653
12 1 26 0.017 2.409999966621399 1.6599999368190765 0.2199999988079071
13 1 38 -0.575 6.940000057220459 -1.6599999368190765 -0.43000001460313797
14 1 26 0.017 7.940000295639038 -1.6599999368190765 -0.27000000700354576
