1 1 5 -0.1581 -1.3199999928474426 1.809999942779541 -0.48000000417232513
2 1 5 0.008 -2.3000000417232513 0.8600000292062759 -0.17000000923871994
3 1 5 -0.006 0.020000000949949026 1.4800000190734863 -0.28999999165534973
4 1 5 -0.1766 0.3999999910593033 0.2199999988079071 0.1899999938905239
5 1 5 -0.006 -0.5900000035762787 -0.7100000232458115 0.4899999871850014
6 1 5 -0.1581 -1.9499999284744263 -0.4100000113248825 0.3099999949336052
7 1 24 0.184 -3.3500000834465027 1.1100000143051147 -0.3099999949336052
8 1 24 0.178 0.7800000160932541 2.2200000286102295 -0.5400000140070915
9 1 24 0.178 -0.3099999949336052 -1.6899999976158142 0.8600000292062759
10 1 1 0.6807 1.850000023841858 -0.14999999664723873 0.39000000804662704
11 1 49 -0.5761 2.1699999272823334 -1.25 0.820000022649765
12 1 36 -0.4651 2.7700001001358032 0.7900000363588333 0.09999999776482582
13 1 5 -0.223 4.900000095367432 1.770000010728836 0.7599999755620956
14 1 5 0.0996 4.189999997615814 0.689999982714653 0.23000000044703484
15 1 5 -0.067 6.290000081062317 1.7100000381469727 0.8799999952316284
16 1 5 -0.215 6.980000138282776 0.5700000002980232 0.46000000089406967
17 1 5 0.1686 6.28000020980835 -0.5099999904632568 -0.08999999612569809
18 1 5 -0.216 4.8899999260902405 -0.4399999976158142 -0.19999999552965164
19 1 24 0.13 4.370000064373016 2.6600000262260437 1.0899999737739563
20 1 24 0.131 6.840000152587891 2.549999952316284 1.2999999523162842
21 1 24 0.134 8.059999942779541 0.5299999937415123 0.5499999970197678
22 1 24 0.17 4.350000023841858 -1.2800000607967377 -0.6400000303983688
23 1 26 0.3215 2.4400000274181366 1.7000000178813934 -0.17000000923871994
24 1 1 0.6517 -1.6599999368190765 3.190000057220459 -1.0000000149011612
25 1 1 0.6517 -2.9600000381469727 -1.469999998807907 0.6599999964237213
26 1 49 -0.5425 -2.669999897480011 -2.5699999928474426 1.080000028014183
27 1 50 -0.6036 -4.21999990940094 -1.1500000208616257 0.48000000417232513
28 1 49 -0.5425 -0.820000022649765 4.020000100135803 -1.2700000405311584
29 1 50 -0.6036 -2.9199999570846558 3.4599998593330383 -1.1500000208616257
30 1 47 -0.8232 6.949999928474426 -1.6200000047683716 -0.5099999904632568
31 1 26 0.3948 7.919999957084656 -1.7200000584125519 -0.24000000208616257
32 1 26 0.3948 6.420000195503235 -2.450000047683716 -0.7199999690055847
33 1 27 0.453 -2.9600000381469727 4.379999935626984 -1.4900000393390656
34 1 27 0.453 -4.729999899864197 -1.940000057220459 0.7500000298023224
