1 13 3 4 10 11
2 13 5 4 10 11
3 13 2 6 25 26
4 13 5 6 25 26
5 13 2 1 24 28
6 13 3 1 24 28
7 13 3 4 10 12
8 13 5 4 10 12
9 13 2 6 25 27
10 13 5 6 25 27
11 13 2 1 24 29
12 13 3 1 24 29
13 16 4 10 12 14
14 16 4 10 12 23
15 16 11 10 12 14
16 24 1 24 29 33
17 24 6 25 27 34
18 195 1 2 6 5
19 195 1 3 4 5
20 195 2 1 3 4
21 195 2 6 5 4
22 195 3 1 2 6
23 195 3 4 5 6
24 195 13 14 18 17
25 195 13 15 16 17
26 195 14 13 15 16
27 195 14 18 17 16
28 195 15 13 14 18
29 195 15 16 17 18
30 195 1 2 6 25
31 195 1 3 4 10
32 195 4 3 1 24
33 195 4 5 6 25
34 195 6 2 1 24
35 195 6 5 4 10
36 195 2 1 3 8
37 195 2 6 5 9
38 195 3 1 2 7
39 195 3 4 5 9
40 195 5 4 3 8
41 195 5 6 2 7
42 195 13 14 18 22
43 195 13 15 16 21
44 195 14 13 15 20
45 195 16 15 13 19
46 195 16 17 18 22
47 195 17 16 15 20
48 195 18 14 13 19
49 195 18 17 16 21
50 195 7 2 1 24
51 195 7 2 6 25
52 195 8 3 1 24
53 195 8 3 4 10
54 195 9 5 4 10
55 195 9 5 6 25
56 195 12 14 13 15
57 195 12 14 18 17
58 195 12 14 13 19
59 195 12 14 18 22
60 195 14 18 17 30
61 195 15 16 17 30
62 195 19 13 15 20
63 195 20 15 16 21
64 195 21 16 17 30
65 195 22 18 17 30
66 200 10 12 14 13
67 200 10 12 14 18
68 200 13 14 12 23
69 200 18 14 12 23
70 209 16 17 30 31
71 209 16 17 30 32
72 209 18 17 30 31
73 209 18 17 30 32
74 602 11 10 12 23
75 615 28 24 29 33
76 615 26 25 27 34
