1 611 1 2 6
2 611 1 3 4
3 611 2 1 3
4 611 2 6 5
5 611 3 4 5
6 611 4 5 6
7 611 13 14 18
8 611 13 15 16
9 611 14 13 15
10 611 14 18 17
11 611 15 16 17
12 611 16 17 18
13 625 1 2 7
14 625 1 3 8
15 625 4 3 8
16 625 4 5 9
17 625 6 2 7
18 625 6 5 9
19 625 13 15 20
20 625 14 13 19
21 625 14 18 22
22 625 15 13 19
23 625 15 16 21
24 625 16 15 20
25 625 17 16 21
26 625 17 18 22
27 630 12 14 13
28 630 12 14 18
29 637 16 17 28
30 637 18 17 28
31 659 3 4 10
32 659 5 4 10
33 659 2 1 24
34 659 3 1 24
35 659 2 6 25
36 659 5 6 25
37 785 4 10 12
38 787 1 24 27
39 787 4 10 11
40 787 6 25 26
41 1379 11 10 12
42 2364 14 12 23
43 2383 10 12 14
44 2455 10 12 23
45 2670 17 28 29
